guiSave0.png: [[-3.2185848319340136, -2.979518812370661, 7.364437251032843], [-0.1779582388799764, 1.9372144576267774, 0.5266814176570305]]
guiSave1.png: [[-2.992406743502831, -2.810523848556371, 6.936298338499366], [-0.2474568748867286, 1.9090411608468771, 0.6523201511243446]]
guiSave2.png: [[-2.742724037403447, -2.7563904560329835, 6.591588919401239], [-0.48405255781818524, 3.1638567164369262, 0.008411061743515512]]
guiSave3.png: [[-2.7522428358175297, -2.759359724870267, 6.60384742403504], [-0.4917588727103937, 3.1668473125724868, 0.014517279006128543]]
guiSave4.png: [[-2.766808933729007, -2.801013959836225, 6.6634579805216125], [-0.5326409772804073, 3.1823409470694966, 0.06781192855854798]]
guiSave5.png: [[-2.7590831344538698, -2.844018292956592, 6.649912701723474], [-0.5159428957174769, 3.182860547680233, 0.048255321825761865]]
guiSave6.png: [[-2.110357544181238, -2.490865370608223, 5.7767460012346294], [-0.6800778069428818, 3.1536483281540146, 0.06545959344882983]]
guiSave7.png: [[-2.1068347622243153, -2.4988941870410932, 5.786701358346325], [-0.6670976944972127, 3.1559253208195823, 0.02671307314559195]]
guiSave8.png: [[-2.104186635550853, -2.4969476334211405, 5.783051970146458], [-0.6734293353475692, 3.149317887704574, 0.03164807967746023]]
guiSave9.png: [[-2.1024433552448403, -2.496669024476224, 5.7861432228733065], [-0.6771480074196002, 3.1460888905773174, 0.026392347229060392]]
guiSave10.png: [[-2.133749843372369, -2.526485926423507, 5.89641958919264], [-0.6839083525638552, 3.0918694297473017, -0.013421185602786335]]
guiSave11.png: [[-2.4629613216698703, -2.0124221841582624, 6.1772358270804055], [-0.657266955380453, 3.194095021633855, 0.05308178476532308]]
guiSave12.png: [[-2.457332884623677, -2.0382928392246775, 6.193863812395219], [-0.6334002006140975, 3.1739200249745445, 0.006149528420506444]]
guiSave13.png: [[-2.0100290855233505, -1.6455170266713004, 4.484967096840063], [0.027954693678867056, 3.1590625355554627, -0.043212868089618335]]
guiSave14.png: [[-2.014005631859281, -1.646452094739093, 4.484242945623666], [0.024239655603399492, 3.1620683060385697, -0.02787712960116899]]
guiSave15.png: [[-2.872437314981919, -1.9794333755412372, 5.703099378775562], [-0.0650167004215417, -3.1500986335935357, -0.01372354343429688]]
guiSave16.png: [[-2.846486450376221, -2.6533896112614204, 6.3305510751441005], [-0.07721840609299127, -3.1359430074041468, 0.12784607533024184]]
guiSave17.png: [[-2.846598377548824, -2.6535454825434392, 6.330774855741796], [-0.0774742984636045, -3.1359581027641994, 0.12830017759642118]]
guiSave18.png: [[-3.134394558493285, -1.9051970569763248, 6.313294192930181], [-0.046396178030035144, 2.118440396064868, 0.7390121501797169]]
guiSave19.png: [[-3.892143284479454, -0.39421463355080366, 4.921046296241622], [-3.1725175174531373, -0.06997581052156841, -0.05942900730391353]]
guiSave20.png: [[-3.951961426328833, -0.40781823895676045, 4.997805047740167], [-3.151910498989003, -0.08758055579081346, -0.10488966841906965]]
guiSave21.png: [[-6.325862517306428, -1.4774991504787112, 8.540907363464598], [-3.1586807733996567, -0.08001021215088995, -0.10116962006958517]]
guiSave22.png: [[-5.652682219551531, -0.8449913206351433, 7.051126062556317], [-3.2336547521768493, 0.017771249763404013, -0.09384520310081852]]
guiSave23.png: [[-5.351436038638393, -0.7430317492267535, 6.639239784138729], [-3.281666945596264, 0.017344050306470564, -0.10652446168399159]]
guiSave24.png: [[-5.905156257975604, -0.8774425721448574, 7.140589757262122], [-2.869508158296142, -0.3610203005775725, 0.2413092162697686]]
guiSave25.png: [[-6.35304025285629, -0.7451040064690077, 6.896011588229514], [-2.872301215500059, -0.3341889675337607, 0.24866589252411309]]
guiSave26.png: [[-3.68690822537038, -0.8386669659417121, 5.842708954035396], [-2.9020053694062398, -0.32363642791058317, 0.11755983902881666]]
guiSave27.png: [[-4.059527384860625, -0.6526141552026822, 7.005770276989941], [-2.4376856907539364, -0.25575802399364683, -1.1456556740334927]]
guiSave28.png: [[-5.105031737493839, -2.2141330530525103, 6.676874978684609], [2.3675914938012803, 2.0162336148096096, -0.0414336966048522]]
